<?xml version="1.0"?>
<opencv_storage>
<calibration_time>"Thu Oct  4 12:09:15 2018"</calibration_time>
<nr_of_frames>25</nr_of_frames>
<image_width>1280</image_width>
<image_height>1024</image_height>
<board_width>9</board_width>
<board_height>6</board_height>
<square_size>25.</square_size>
<fix_aspect_ratio>1.</fix_aspect_ratio>
<!-- flags: +fix_aspectRatio +fix_k3 +fix_k4 +fix_k5 -->
<flags>6274</flags>
<fisheye_model>0</fisheye_model>
<camera_matrix type_id="opencv-matrix">
  <rows>3</rows>
  <cols>3</cols>
  <dt>d</dt>
  <data>
    8.4247565135696323e+02 0. 6.3709750599127892e+02 0.
    8.4247565135696323e+02 4.9404840861221481e+02 0. 0. 1.</data></camera_matrix>
<distortion_coefficients type_id="opencv-matrix">
  <rows>5</rows>
  <cols>1</cols>
  <dt>d</dt>
  <data>
    -2.5214446341520841e-01 7.2467633888394500e-02
    -3.7212600777057950e-03 4.3313639682881409e-04 0.</data></distortion_coefficients>
<avg_reprojection_error>6.0878940134798032e-01</avg_reprojection_error>
<per_view_reprojection_errors type_id="opencv-matrix">
  <rows>25</rows>
  <cols>1</cols>
  <dt>f</dt>
  <data>
    8.71978939e-01 7.73957670e-01 4.53828782e-01 3.31525922e-01
    1.63740873e-01 3.25013697e-01 4.04663771e-01 3.16976517e-01
    6.32946610e-01 5.10897160e-01 2.87078857e-01 1.81100100e-01
    1.06145024e+00 9.46738303e-01 3.56124371e-01 9.09704804e-01
    3.60301733e-01 2.47858942e-01 4.04396445e-01 8.29639137e-01
    4.42788541e-01 8.67363453e-01 2.34582737e-01 9.35175896e-01
    7.20023930e-01</data></per_view_reprojection_errors>
<!-- a set of 6-tuples (rotation vector + translation vector) for each view -->
<extrinsic_parameters type_id="opencv-matrix">
  <rows>25</rows>
  <cols>6</cols>
  <dt>d</dt>
  <data>
    1.0568070207881483e-01 6.6894995625651765e-01 2.8386897135333649e+00
    2.0392027639240661e+02 8.5737264965069802e+00 3.3792192618978038e+02
    -4.3810719548030327e-02 9.8756825031057649e-02
    -3.1314696924674901e+00 1.3765158997280577e+02
    -2.0100554206024341e+01 3.3971308467565973e+02
    2.9017720364290961e-01 1.3067602792332282e+00
    -2.6692953459555868e+00 2.2005530433732570e+01
    -7.2440952916504841e+01 5.0719578228365475e+02
    1.4496897737163880e-01 -1.2797441484470515e-01
    -3.0900007048372959e+00 -1.4486429245020517e+01
    -6.7221131267652254e+01 7.1087102002432937e+02
    -9.7467940763928170e-04 1.0275458508132598e+00
    2.8454835894131083e+00 1.3057800926697267e+01 5.4206053596556281e+01
    6.0085877528237336e+02 -1.3710883789102613e+00
    -5.0227294344356554e-01 -2.5696228615022738e+00
    9.5231986307807944e+01 5.1385782267839069e+01 2.7560767609054147e+02
    -4.2640481400911839e-01 6.3055977382427864e-01
    2.9633459808159608e+00 -4.3852819399149354e+01
    2.8162295239599288e+01 4.8596461567515058e+02
    -2.4772705299431172e-01 1.6661124122163631e+00
    2.5304528668134889e+00 5.0897277171091041e+01 1.8862391862399704e+02
    4.4026721546695370e+02 3.0996952636149178e-01 1.3983936707656817e+00
    -2.4795596227840342e+00 -6.8722266467755375e+01
    -8.6499023875308950e+01 5.0449066427384719e+02
    3.2167060124726608e-02 4.3272866693858036e-01
    -2.4951685799909287e+00 -1.3354160319409996e+02
    -2.6825668352839962e+01 6.9610099648251617e+02
    1.8172729172527852e-01 -4.3364061691814321e-01
    -2.8165453889116043e+00 1.3971123591944608e+00
    1.5930066890958676e+02 1.0182006464721486e+03
    -4.8604357451118629e-02 -3.1987527841156843e-01
    -2.8966429184705502e+00 6.4190894471453802e+01
    7.1973663450580489e+01 8.2839189059868568e+02
    -2.3108120004164784e-01 -1.6801707560533785e-01
    -3.0016167861796843e+00 8.3803862811354293e+01
    3.3074614513450932e+01 2.8284098797928334e+02
    -3.4969618118378065e-01 1.0747999076138195e-01
    -2.9038800540912852e+00 9.7582829716277416e+01
    5.4845977914000763e+01 2.2197442450490541e+02
    -8.7342851340431693e-01 1.1048757089414915e-01
    -2.6716413677661457e+00 8.9125452814241200e+01
    5.7096717717390533e+01 3.0889053763825331e+02
    -1.0849321814907753e+00 1.9930655264273950e-01
    2.8890506016320439e+00 2.6928360237646675e+01 8.9219199332428190e+01
    3.5213596057065610e+02 -5.8542006207365549e-01
    8.8487842904356007e-01 2.9456384786061740e+00 8.0500878911627680e+01
    1.5594977114933317e+02 3.6179101148642116e+02 5.2234533423555274e-01
    -6.4012292729166476e-01 -3.0018287370448022e+00
    3.2736831480097983e+00 6.2517056778799933e+01 5.4428260077808113e+02
    5.3438445789239319e-01 -1.7734998983573497e-01
    -3.0366314004909460e+00 -1.1667223839860913e+01
    -8.6281674846182540e+01 5.6902971732223079e+02
    -2.6470182035955259e-01 4.0016559095653764e-01
    -2.7181605595553711e+00 2.2140720929564574e+02
    1.3331083348595278e+01 4.4592246908169164e+02 5.5488800640318148e-01
    -1.2873900190035892e+00 -2.7173297012679738e+00
    1.1474921767595093e+02 8.2133865835381243e+01 6.3936553951272481e+02
    -1.9430927964606223e-01 -6.4044458224368028e-01
    -2.7008480083963753e+00 1.5628761088231539e+02
    1.7422871757368603e+02 3.7406176942315324e+02
    -4.8770727843314721e-01 1.3350070825518985e+00
    2.7400075676329405e+00 7.6254205581830476e+01
    -9.6570160761487358e+00 6.1621498402827433e+02
    5.1661885373595462e-01 4.8975358803178226e-01
    -2.6976744950283447e+00 1.9006744287790497e+01
    -3.2393599490066464e+01 6.2959256348137046e+02
    3.3869291754703240e-01 1.2132752391422006e+00
    -2.2164372698756059e+00 -2.3766024495108319e+01
    -7.2806746581581805e+01 5.7715163934511077e+02</data></extrinsic_parameters>
