%YAML:1.0
---
camera_matrix: !!opencv-matrix
   rows: 3
   cols: 3
   dt: d
   data: [ 8.4247565127072937e+02, 0., 6.3709750581332935e+02, 0.,
       8.4247565127072937e+02, 4.9404840857126169e+02, 0., 0., 1. ]
dist_coeffs: !!opencv-matrix
   rows: 5
   cols: 1
   dt: d
   data: [ -2.5214446345347380e-01, 7.2467634026010960e-02,
       -3.7212601064173299e-03, 4.3313644590475359e-04, 0. ]
pixel_scale: 3.3302958491990903e-01
persp_transf: !!opencv-matrix
   rows: 3
   cols: 3
   dt: d
   data: [ -5.6335400651463130e-01, -2.1258378625908936e+00,
       1.4561804558895262e+03, 5.2165341602862692e-01,
       -2.8239915972103482e+00, 1.2191448250657761e+03,
       1.2740343427899921e-04, -3.1603030468164866e-03, 1. ]
