%YAML:1.0
---
camera_matrix: !!opencv-matrix
   rows: 3
   cols: 3
   dt: d
   data: [ 2.5176665128018672e+03, 0., 1.1450520109590811e+03, 0.,
       2.5176665128018672e+03, 4.6578823202540315e+02, 0., 0., 1. ]
dist_coeffs: !!opencv-matrix
   rows: 5
   cols: 1
   dt: d
   data: [ -3.3758286961253420e-01, -6.1279279258237687e-02,
       4.2272707367428282e-03, -5.0906415982477056e-03, 0. ]
pixel_scale: 3.0104681500232117e-01
persp_transf: !!opencv-matrix
   rows: 3
   cols: 3
   dt: d
   data: [ 0., -3.4291010194624671e-01, 3.8500000000000017e+02,
       2.9702970297029707e-01, 0., 1.5000000000000018e+01, 0., 0., 1. ]
