%YAML:1.0
---
camera_matrix: !!opencv-matrix
   rows: 3
   cols: 3
   dt: d
   data: [ 2.5176665128018672e+03, 0., 1.1450520109590811e+03, 0.,
       2.5176665128018672e+03, 4.6578823202540315e+02, 0., 0., 1. ]
dist_coeffs: !!opencv-matrix
   rows: 5
   cols: 1
   dt: d
   data: [ -3.3758286961253420e-01, -6.1279279258237687e-02,
       4.2272707367428282e-03, -5.0906415982477056e-03, 0. ]
pixel_scale: 3.4845970835873213e-01
persp_transf: !!opencv-matrix
   rows: 3
   cols: 3
   dt: d
   data: [ 0., -3.7217391304347841e-01, 4.4300000000000006e+02,
       3.1671554252199430e-01, 0., 1.4999999999999821e+01, 0., 0., 1. ]
