%YAML:1.0
---
camera_matrix: !!opencv-matrix
   rows: 3
   cols: 3
   dt: d
   data: [ 8.4247565127072937e+02, 0., 6.3709750581332935e+02, 0.,
       8.4247565127072937e+02, 4.9404840857126169e+02, 0., 0., 1. ]
dist_coeffs: !!opencv-matrix
   rows: 5
   cols: 1
   dt: d
   data: [ -2.5214446345347380e-01, 7.2467634026010960e-02,
       -3.7212601064173299e-03, 4.3313644590475359e-04, 0. ]
pixel_scale: 3.2355042293648539e-01
persp_transf: !!opencv-matrix
   rows: 3
   cols: 3
   dt: d
   data: [ 6.2344766565532806e-03, -2.1167390028748474e+00,
       1.9067132994032834e+03, 2.2129613971800999e+00,
       1.2686320643336622e+00, -1.0351741580009113e+03,
       4.3514636977198008e-05, 4.0097511242839241e-03, 1. ]
