%YAML:1.0
---
camera_matrix: !!opencv-matrix
   rows: 3
   cols: 3
   dt: d
   data: [ 8.4247565127072937e+02, 0., 6.3709750581332935e+02, 0.,
       8.4247565127072937e+02, 4.9404840857126169e+02, 0., 0., 1. ]
dist_coeffs: !!opencv-matrix
   rows: 5
   cols: 1
   dt: d
   data: [ -2.5214446345347380e-01, 7.2467634026010960e-02,
       -3.7212601064173299e-03, 4.3313644590475359e-04, 0. ]
pixel_scale: 3.7731677087563348e-01
persp_transf: !!opencv-matrix
   rows: 3
   cols: 3
   dt: d
   data: [ 7.1094547968501886e-03, -2.4579804775907164e+00,
       2.2032521409313731e+03, 2.5156983741183234e+00,
       1.4340038050400072e+00, -1.1788822006747243e+03,
       4.3514636977196240e-05, 4.0097511242839397e-03, 1. ]
