%YAML:1.0
---
camera_matrix: !!opencv-matrix
   rows: 3
   cols: 3
   dt: d
   data: [ 8.4247565127072937e+02, 0., 6.3709750581332935e+02, 0.,
       8.4247565127072937e+02, 4.9404840857126169e+02, 0., 0., 1. ]
dist_coeffs: !!opencv-matrix
   rows: 5
   cols: 1
   dt: d
   data: [ -2.5214446345347380e-01, 7.2467634026010960e-02,
       -3.7212601064173299e-03, 4.3313644590475359e-04, 0. ]
pixel_scale: 1.1000000000000001e+00
persp_transf: !!opencv-matrix
   rows: 3
   cols: 3
   dt: d
   data: [ 4.4617242767464518e+00, 2.6365405058498852e+00,
       -2.0669300132334124e+03, 1.3475018522696110e-02,
       -4.2062342465819889e+00, 3.8794412466298850e+03,
       4.3514636977195399e-05, 4.0097511242839215e-03,
       9.9999999999999989e-01 ]
