<?xml version="1.0"?>
<opencv_storage>
<calibration_time>"ven 30 nov 2018 17:00:05 CET"</calibration_time>
<nr_of_frames>21</nr_of_frames>
<image_width>1920</image_width>
<image_height>1080</image_height>
<board_width>9</board_width>
<board_height>6</board_height>
<square_size>25.</square_size>
<fix_aspect_ratio>1.</fix_aspect_ratio>
<!-- flags: +fix_aspectRatio +fix_k3 +fix_k4 +fix_k5 -->
<flags>6274</flags>
<fisheye_model>0</fisheye_model>
<camera_matrix type_id="opencv-matrix">
  <rows>3</rows>
  <cols>3</cols>
  <dt>d</dt>
  <data>
    1.9881350348116789e+03 0. 9.9564600922153488e+02 0.
    1.9881350348116789e+03 5.4205407814227817e+02 0. 0. 1.</data></camera_matrix>
<distortion_coefficients type_id="opencv-matrix">
  <rows>5</rows>
  <cols>1</cols>
  <dt>d</dt>
  <data>
    -4.1214996877428745e-01 2.7298364099694550e-01
    2.4972379282605871e-03 -3.6321518516041501e-04 0.</data></distortion_coefficients>
<avg_reprojection_error>2.4986621356665481e-01</avg_reprojection_error>
<per_view_reprojection_errors type_id="opencv-matrix">
  <rows>21</rows>
  <cols>1</cols>
  <dt>f</dt>
  <data>
    1.54557377e-01 1.51658773e-01 2.29002655e-01 1.71105340e-01
    1.51208311e-01 2.58059710e-01 3.82331043e-01 1.45004004e-01
    1.63009763e-01 5.32510936e-01 2.81858951e-01 1.90561548e-01
    2.35785842e-01 2.20195219e-01 2.95904845e-01 4.30291504e-01
    1.77441001e-01 1.34006903e-01 1.29313111e-01 1.97190762e-01
    1.34488612e-01</data></per_view_reprojection_errors>
<!-- a set of 6-tuples (rotation vector + translation vector) for each view -->
<extrinsic_parameters type_id="opencv-matrix">
  <rows>21</rows>
  <cols>6</cols>
  <dt>d</dt>
  <data>
    1.7494453360128667e-02 1.0676759942487559e-03
    -9.0950123632373669e-01 6.2808425489949491e+02
    1.5016011355404029e+02 2.9155234015590390e+03 1.8093547483050532e-02
    -4.9676841265621548e-04 -9.0955136833910755e-01
    6.2791727686304091e+02 1.5011538388933465e+02 2.9146810787972331e+03
    9.8225992624206334e-03 -2.9069854771809428e-02
    -5.6021556492893188e-01 -4.9482624440668907e+01
    4.6548564967951847e+02 2.9133906756888837e+03 2.3180895999082692e-02
    -9.8736012242645221e-02 -2.5094253191527183e+00
    -1.7455457110107726e+01 2.7168035548290270e+01
    2.9106771703602667e+03 2.5985983701256168e-02
    -1.0327998994127960e-01 -2.5094016496301919e+00
    -1.7412527878310108e+01 2.7183598895438330e+01
    2.9094036529924051e+03 4.4467508845008323e-02
    -9.1586082280001018e-03 -2.7397410178542487e+00
    -5.8581142153413236e+02 -2.2306670994579616e+02
    2.9228486661800948e+03 -5.4442102792645046e-02
    -4.2664406283611867e-03 2.8468991274622546e+00
    -4.3762281897430080e+02 4.6555141732788303e+02
    2.9258789668598242e+03 -3.1186069503141730e-02
    9.6630064290070773e-04 -2.3918375173154010e+00
    5.3633613959636727e+02 4.7554563852474291e+02 2.9266506482219684e+03
    1.6076463693933660e-02 -4.2432816624005658e-02
    2.0074231921233792e+00 6.7344711808321188e+02
    -4.3831216085657547e+02 2.9165912705942892e+03
    2.2437075675256268e-02 -1.2538119747290476e-02
    8.7128638567535810e-01 2.2027896655308655e+01
    -7.4068689707776088e+01 1.1871085298910391e+03
    -5.8236993207503369e-02 6.5509491333250389e-02
    4.4585793382798078e-01 -1.6856447413943266e+02
    -1.8836006704278614e+02 1.1593130567429280e+03
    4.5231205152797160e-01 -6.7583933036288968e-01
    1.0649949335656033e+00 1.1507313446031831e+02
    -2.4330083093290418e+02 1.1064179917526315e+03
    4.0529792867549075e-01 -7.0138723977793016e-01
    1.0409517894593667e+00 -1.1190803779422374e+02
    -8.2719721530922257e+01 1.1002265666354183e+03
    -3.0741920081047913e-01 -6.4430390939795146e-01
    -7.8307243492737444e-01 1.6244938818293579e+02
    1.2693415072853537e+02 1.1320747343981891e+03
    -7.0214793351656424e-02 -5.9300005661144173e-01
    4.4963033997220826e-02 1.4006396480133560e+02
    -3.1054379989779811e+01 1.1387945488532653e+03
    2.2786367994963842e-02 -4.8151098005077547e-01
    1.5920197844706591e-01 -4.8000683249101519e+02
    -8.6774805489493900e+00 1.1465692962608357e+03
    -1.3907453267575631e-01 -3.1060782053320779e-01
    -6.0186384162695972e-01 2.0647576528434212e+02
    -1.0371220043774281e+02 1.1780687653105570e+03
    -5.7328281467160402e-02 2.9063014636394796e-02
    -3.0042253912212780e-01 -1.4861899031058257e+02
    -9.4326342726176321e+01 2.9205490414037163e+03
    2.7843850306090157e-02 -6.9129273779502780e-03
    -9.4353900593860812e-02 7.9955479933525964e+01
    3.1255060082677517e+02 2.9107270830647453e+03 2.3772700290086570e-02
    3.0814176365960885e-02 -2.3081870841466232e+00
    -3.5840197722122866e+02 4.4598844877287729e+02
    2.9166983294966317e+03 -1.9610834352568236e-02
    -2.7104338536390951e-02 -2.6850078525099903e+00
    3.1148049293783936e+02 -2.1873539725532149e+02
    2.9148299628511872e+03</data></extrinsic_parameters>
