<?xml version="1.0"?>
<opencv_storage>
<calibration_time>"mar 18 dic 2018 10:16:09 CET"</calibration_time>
<nr_of_frames>25</nr_of_frames>
<image_width>1920</image_width>
<image_height>1080</image_height>
<board_width>9</board_width>
<board_height>6</board_height>
<square_size>25.</square_size>
<fix_aspect_ratio>1.</fix_aspect_ratio>
<!-- flags: +fix_aspectRatio +fix_k3 +fix_k4 +fix_k5 -->
<flags>6274</flags>
<fisheye_model>0</fisheye_model>
<camera_matrix type_id="opencv-matrix">
  <rows>3</rows>
  <cols>3</cols>
  <dt>d</dt>
  <data>
    2.5176664448154784e+03 0. 1.1450519710602537e+03 0.
    2.5176664448154784e+03 4.6578814097042357e+02 0. 0. 1.</data></camera_matrix>
<distortion_coefficients type_id="opencv-matrix">
  <rows>5</rows>
  <cols>1</cols>
  <dt>d</dt>
  <data>
    -3.3758287331195269e-01 -6.1279067556754468e-02
    4.2272689660194018e-03 -5.0906363277150174e-03 0.</data></distortion_coefficients>
<avg_reprojection_error>2.7341170630178041e-01</avg_reprojection_error>
<per_view_reprojection_errors type_id="opencv-matrix">
  <rows>25</rows>
  <cols>1</cols>
  <dt>f</dt>
  <data>
    1.26186997e-01 2.48390704e-01 2.11664185e-01 2.60532469e-01
    2.19623312e-01 1.65528879e-01 2.79641181e-01 1.28039286e-01
    5.71899712e-01 1.14115223e-01 1.72936395e-01 2.13365868e-01
    2.22953930e-01 1.67482689e-01 2.90419459e-01 4.02883589e-01
    3.64655823e-01 2.90697783e-01 3.03746849e-01 2.13355154e-01
    1.34115085e-01 2.37789169e-01 2.25562170e-01 3.24337184e-01
    4.27218139e-01</data></per_view_reprojection_errors>
<!-- a set of 6-tuples (rotation vector + translation vector) for each view -->
<extrinsic_parameters type_id="opencv-matrix">
  <rows>25</rows>
  <cols>6</cols>
  <dt>d</dt>
  <data>
    -2.3353185079505838e-02 2.4667427047215820e-02
    1.6817327701726574e+00 -2.4150513958894965e+02
    9.4185974800273542e+01 3.0453173209084648e+03
    -7.1990894099850455e-01 1.7164963549978624e-01
    2.5162709987896266e+00 -2.5858841349513409e+02
    1.4400979914419037e+02 1.5381914614597185e+03
    -6.8739136505889964e-01 -5.4154943807758413e-02
    2.4204352499124222e+00 -2.6468982376387487e+02
    1.7032888511651353e+02 1.7596989685914141e+03
    -5.7076684076339212e-01 -6.6736202815038448e-01
    2.2002574634031040e+00 -3.5792379985552418e+02
    9.8665821199422709e+01 2.0703352177628494e+03 7.8779838512519781e-02
    -4.2223997027786814e-01 1.5682548112904910e+00
    -5.1315598245238493e+02 5.4163481802901465e+01
    2.6767786475148882e+03 6.4221136931753964e-02
    -4.2906284817490070e-01 1.5517274280215696e+00
    -5.1890976939338384e+02 6.2156082159644647e+01
    2.6897390769314784e+03 -2.5465767504554060e-01
    -1.0897568624658910e-01 1.2499905709185410e+00
    -6.1779318575888431e+02 -1.7459608443531738e+02
    2.9229630825762497e+03 -1.8262338873925124e-01
    -1.4941831849390644e-01 1.0807425350057533e+00
    -7.5089450418953300e+02 -2.8774456138437762e+02
    3.0373112999917266e+03 1.2108051794073413e-01 2.3280266922754542e-01
    1.5638284747082891e+00 -5.8093689292987494e+02
    7.8855399708230294e+01 2.7142651647273697e+03
    -6.3249166355491493e-02 -1.0405481500681421e-02
    1.6766407248690927e+00 -6.6324816581815628e+02
    2.0992809452025355e+02 3.0364507758059267e+03
    -1.3408228654841047e-02 -8.0867598280722847e-02
    9.0556231268926562e-02 3.0692234188925437e+02 3.9358772336874432e+02
    3.0715491880704053e+03 -6.9219838241422194e-01
    1.9380704616646896e-01 3.2581579461754571e-02 3.2078103517662282e+02
    4.2589263954863168e+02 2.6947561066430035e+03
    -5.7520205054372775e-01 2.3497508773357836e-02
    -7.4848975498400236e-02 -1.3594106357626237e+02
    2.3152528345208736e+02 2.5087543417233542e+03
    -7.2749044478647343e-02 -2.6182007765225966e-02
    -6.9717323854041502e-02 -2.2295673686580037e+02
    -1.4896289096389648e+01 3.0618140726928659e+03
    -6.7046738318846044e-01 1.1868180188917640e-01
    1.8676520010221100e-02 5.0319927415896899e+01 7.6672227699049571e+01
    2.3447343851062360e+03 -3.1847837284953345e-01
    4.3132871050547195e-01 -1.4317580205030407e+00
    5.5323538401820713e+01 -1.3738607206984821e+02
    2.1813636969194017e+03 -1.3296389240016160e-01
    6.5199802032076182e-01 -1.4833258480767022e+00
    8.8176704919573538e+01 -7.0312121991787668e+00
    2.1539349684948479e+03 -8.0530589174591616e-01
    7.7868214656210033e-01 -1.4947814936282049e+00
    2.2249727346776331e+02 1.9040998181406283e+02 2.6145804820713902e+03
    -3.1856114578494149e-01 1.7030686628783062e-01
    -1.4122939167588486e+00 -1.6323653604061951e+02
    -4.2227483471917722e+01 2.3153522332127673e+03
    -1.4491766651063992e-01 -4.5892756304968901e-01
    -1.0786235014555048e+00 -4.9125885132899026e+02
    -5.4555898692706846e+00 2.1773030581170692e+03
    -3.8253907062615544e-01 -4.3502896323020573e-01
    -9.7553846434757807e-01 -6.8810126895483154e+02
    3.1236563445683453e+02 2.6583767307918260e+03
    -6.2815648324237960e-01 -2.6161727328315215e-01
    -9.8253103664337860e-01 -2.2670219370508624e+02
    3.1834679677023030e+02 2.6556082696680360e+03
    -3.3827804442957160e-01 -3.2497755609174138e-02
    -1.3381095111017087e+00 -1.8775134561076851e+02
    1.8029173736238030e+02 1.7981307557710386e+03
    -6.4561410741158642e-01 1.8963366915673521e-01
    -1.4162852046721610e+00 2.1888621484687917e+02
    2.5552390203940777e+02 2.0693033471181147e+03
    -4.2952584511863616e-02 3.8477646765913920e-02
    -1.0718593396350427e+00 -1.9743956513961467e+02
    2.0649697475190465e+02 1.7379131032641239e+03</data></extrinsic_parameters>
