<?xml version="1.0"?>
<opencv_storage>
<calibration_time>"ven 18 gen 2019 10:10:22 CET"</calibration_time>
<nr_of_frames>40</nr_of_frames>
<image_width>1920</image_width>
<image_height>1080</image_height>
<board_width>9</board_width>
<board_height>6</board_height>
<square_size>25.</square_size>
<fix_aspect_ratio>1.</fix_aspect_ratio>
<!-- flags: +fix_aspectRatio +fix_k3 +fix_k4 +fix_k5 -->
<flags>6274</flags>
<fisheye_model>0</fisheye_model>
<camera_matrix type_id="opencv-matrix">
  <rows>3</rows>
  <cols>3</cols>
  <dt>d</dt>
  <data>
    2.5101928201526257e+03 0. 1.1699496597033917e+03 0.
    2.5101928201526257e+03 4.8378136138248249e+02 0. 0. 1.</data></camera_matrix>
<distortion_coefficients type_id="opencv-matrix">
  <rows>5</rows>
  <cols>1</cols>
  <dt>d</dt>
  <data>
    -3.4735231041515835e-01 -8.6351220642891125e-03
    5.0231970841079655e-03 -5.3616096777177602e-03 0.</data></distortion_coefficients>
<avg_reprojection_error>2.4637072866598231e-01</avg_reprojection_error>
<per_view_reprojection_errors type_id="opencv-matrix">
  <rows>40</rows>
  <cols>1</cols>
  <dt>f</dt>
  <data>
    1.27785847e-01 2.61644274e-01 2.13958740e-01 2.56336033e-01
    2.20832959e-01 1.66916221e-01 2.86602974e-01 1.35366127e-01
    5.77326238e-01 1.16602562e-01 1.73578098e-01 2.14908019e-01
    2.23855972e-01 1.65478334e-01 2.90934235e-01 3.98454219e-01
    3.66564840e-01 2.93655217e-01 2.97425359e-01 2.18300030e-01
    1.30701974e-01 2.34383181e-01 2.23560974e-01 3.24579597e-01
    4.14875031e-01 1.88333616e-01 2.19865143e-01 2.10915491e-01
    1.89916655e-01 1.61606014e-01 2.81937480e-01 1.37816370e-01
    1.57716617e-01 1.81485876e-01 1.29944280e-01 1.32522792e-01
    2.07568258e-01 2.29636997e-01 1.42586708e-01 2.38522738e-01</data></per_view_reprojection_errors>
<!-- a set of 6-tuples (rotation vector + translation vector) for each view -->
<extrinsic_parameters type_id="opencv-matrix">
  <rows>40</rows>
  <cols>6</cols>
  <dt>d</dt>
  <data>
    -2.6567687045914095e-02 5.9570708717667396e-03
    1.6825681566067849e+00 -2.7161771497086687e+02
    7.2360195213437578e+01 3.0350293521860604e+03
    -7.2925268738215732e-01 1.6729472212635071e-01
    2.5116635174994775e+00 -2.7369848733585229e+02
    1.3275556465522305e+02 1.5312062521890457e+03
    -6.9252223669219237e-01 -6.1677147527688853e-02
    2.4174598573207584e+00 -2.8222857524651408e+02
    1.5762314554528101e+02 1.7536048046356884e+03
    -5.7536809797766275e-01 -6.7957244584306697e-01
    2.1974447692085248e+00 -3.7851708769019524e+02
    8.3670717693416876e+01 2.0618418886290615e+03 8.1026409265288230e-02
    -4.3641148457890883e-01 1.5690789889058436e+00
    -5.3903993721035692e+02 3.4641739731404932e+01
    2.6609797009193921e+03 6.6620140112257670e-02
    -4.4304955674658841e-01 1.5524811377167123e+00
    -5.4494707184749018e+02 4.2526440810791513e+01
    2.6740155655923863e+03 -2.6737496361969315e-01
    -1.2684928221210257e-01 1.2471233669298327e+00
    -6.4630827398154054e+02 -1.9575205684475850e+02
    2.9043754946876065e+03 -1.9550723572806303e-01
    -1.7769949703452118e-01 1.0778536006731274e+00
    -7.8068082559592938e+02 -3.0991003608371636e+02
    3.0162104770733786e+03 1.1721055731196142e-01 2.1482453085937017e-01
    1.5667692029108484e+00 -6.0816479316860261e+02
    5.9053974479694816e+01 2.7021473600717850e+03
    -6.6895251077376219e-02 -3.4987671922155045e-02
    1.6786391153262712e+00 -6.9348883924789084e+02
    1.8768424827520323e+02 3.0223033964919637e+03
    -3.8359776897043656e-03 -9.2407350686330839e-02
    9.0418885618253411e-02 2.7618739942977436e+02 3.7137210893122659e+02
    3.0657569500989980e+03 -6.8619743448837212e-01
    1.8696979624582910e-01 3.0021528144744934e-02 2.9392286381556727e+02
    4.0659908787559596e+02 2.6922437342540447e+03
    -5.6838758207845785e-01 1.4333551318912724e-02
    -7.7041148935881001e-02 -1.6080698241684925e+02
    2.1353340857736745e+02 2.5016601722011187e+03
    -6.1970614701559720e-02 -3.8377740235982914e-02
    -6.9871181625974457e-02 -2.5320548333157228e+02
    -3.6838397835618942e+01 3.0505181235807190e+03
    -6.6327997229651969e-01 1.0975839353762115e-01
    1.5822735001677076e-02 2.7118588996756500e+01 5.9922430068199752e+01
    2.3388251675204597e+03 -3.0734284917277094e-01
    4.3125392335513746e-01 -1.4309986959412835e+00
    3.3682236170372882e+01 -1.5284468933546452e+02
    2.1717954605645691e+03 -1.2157067155140740e-01
    6.4936913944830965e-01 -1.4809619999025068e+00
    6.6841350790763499e+01 -2.2418006402381607e+01
    2.1475758812856820e+03 -7.9277751656185613e-01
    7.7622023998339951e-01 -1.4941658637727466e+00
    1.9652152995776888e+02 1.7166827993878192e+02 2.6093415005085517e+03
    -3.0429125974259047e-01 1.6939831673416125e-01
    -1.4128255890342556e+00 -1.8608055991632500e+02
    -5.8799802371519426e+01 2.3064826921342769e+03
    -1.3356317888460750e-01 -4.6841404342285664e-01
    -1.0808060798818926e+00 -5.1220577897975272e+02
    -2.1344998101414504e+01 2.1628649055484384e+03
    -3.7349429450620492e-01 -4.4442526200513227e-01
    -9.7789394288215925e-01 -7.1400134677039512e+02
    2.9230583727417070e+02 2.6427109136565959e+03
    -6.1745298314597596e-01 -2.6732528229787461e-01
    -9.8574214869036891e-01 -2.5306744246650663e+02
    2.9920452537183991e+02 2.6475471670087559e+03
    -3.2515413884310007e-01 -3.6781709562277831e-02
    -1.3392091697285458e+00 -2.0560583628577635e+02
    1.6736657411573165e+02 1.7924671855352826e+03
    -6.3485457084418884e-01 1.8704066134537989e-01
    -1.4177117724290014e+00 1.9818275511983080e+02
    2.4057654731239268e+02 2.0654008111115213e+03
    -2.9861161670489498e-02 3.2086668791690712e-02
    -1.0711746842525207e+00 -2.1472882891062434e+02
    1.9397881865252313e+02 1.7324346897193759e+03 1.3217303898131755e-01
    -3.6225322922268560e-01 -1.3471197703694144e+00
    -5.3943010083372178e+02 1.0686145260531556e+02
    2.3817950705192015e+03 -5.5557767731016960e-01
    -2.8967966436386182e-03 -6.6752977138797609e-01
    1.1790680247051546e+02 2.0819481020519839e+02 2.6185780632488509e+03
    -5.6366189417076651e-01 -1.0400679795377385e-02
    -7.2943055586428907e-01 2.5992853221568538e+01
    2.1516599758252823e+02 2.5852489823989877e+03
    -2.2760006605517510e-01 2.3994507852312325e-01
    -8.5388560204576680e-01 -3.3948563731149716e+02
    -1.2693947446532565e+01 2.7317320598717642e+03
    -5.6967996488875694e-01 -5.8916761443972121e-01
    -1.4140025210842961e+00 -4.0761234947991284e+02
    3.5336208953066659e+02 2.7085757049931417e+03
    -5.7764627301604018e-02 -2.5282623924690811e-01
    -1.6019445058874093e+00 -3.2795756235994344e+02
    2.5574342337281890e+00 3.0299529977688790e+03 4.1302285091299767e-02
    -9.1574633577624617e-02 -5.9631637137625804e-01
    -3.6614047268070749e+02 1.7513907251404058e+02
    3.0328948817315859e+03 6.6160717112301939e-02
    -1.2776854066906285e-01 -8.0444675281782207e-01
    -2.9066449167184453e+02 7.2760341374334757e+01
    3.0298821034469843e+03 1.2995636760904128e-02
    -9.7721891187811064e-02 -1.4207756189278062e-01
    8.4382448308254254e+01 2.2568667812697947e+02 3.0542053156332563e+03
    -3.4911034233362317e-03 -1.0617192845216206e-01
    2.6411187264669855e-01 -7.0148893447869295e+02
    1.9013713585512434e+02 3.0180640252857793e+03
    -2.3609066565244413e-01 -1.3819489828009185e-01
    7.4923991641372756e-02 -5.8160612562097469e+02
    1.5770881753767318e+02 2.8752662571339561e+03
    -2.2861088078880618e-01 -7.9786439543351767e-02
    -3.0043496403191389e-01 -9.1792056368884388e+01
    1.7583797343484088e+02 2.8977810528750124e+03 2.5113022245381011e-01
    -4.8052782205171440e-01 -6.3816860056428737e-01
    -4.4477235114646396e+02 -1.0865579518632252e+02
    2.7687571056463498e+03 -3.0224065824532544e-02
    1.6183455721578852e-02 -9.2401242815609874e-01
    -7.9997523845672629e+02 9.0930193909322796e+01
    2.8965944969770194e+03 -2.2200396973566960e-01
    2.1846899733009098e-01 -3.4248773960830708e-01
